,file_name,column_name,task_id,start_time,end_time,hostname,host_ip,pid,alert_type
0,PG&E-1/MO0001.glm,None,33e42bb9-35a1-463e-af95-fc64b36c5217,1660169495.7614985,1660169501.6414948,worker-ccb94d85c-44kw2,192.168.42.87,9,SAVED_DATA
0,gridlabd-4/PG&E-1/MO0001.glm,None,02970a2c-5484-4305-96af-b2bbfc8f8e86,1660169495.8192108,1660169501.6791573,worker-ccb94d85c-wtb2f,192.168.91.250,10,SAVED_DATA
0,gridlabd-4/taxonomy-1/R5-12470-5.glm,None,2a123b6a-5fa8-4680-a600-7f18248f0f21,1660169494.8985481,1660169501.9050207,worker-ccb94d85c-wtb2f,192.168.91.250,11,SAVED_DATA
0,gridlabd-4/PG&E/MO0001.glm,None,54e0edf8-abaa-4fa3-a1ec-357fc8d41a8a,1660169495.8476012,1660169501.8017256,worker-ccb94d85c-sdkvz,192.168.16.147,10,SAVED_DATA
1,gridlabd-4/taxonomy/R5-12470-5.glm,None,e053ed74-351a-4d9a-a9e5-f56fde6f5fd3,1660169494.9285314,1660169501.9047215,worker-ccb94d85c-sdkvz,192.168.16.147,11,SAVED_DATA
0,gridlabd-5/taxonomy/R5-25000-6.glm,None,77777c59-93f1-4375-bba7-a30780303ff7,1660169495.2386658,1660169502.2035902,worker-ccb94d85c-rzsct,192.168.86.53,10,SAVED_DATA
1,PG&E/MO0001.glm,None,0f1fce23-3557-4fe8-b89a-62489aad7a96,1660169495.7890592,1660169501.9161098,worker-ccb94d85c-qqz7d,192.168.26.42,10,SAVED_DATA
0,gridlabd-4/taxonomy/R5-25000-6.glm,None,844fc98c-cc0f-4a96-a6e6-233ceab0943a,1660169495.2109523,1660169502.1105595,worker-ccb94d85c-qc79b,192.168.45.56,10,SAVED_DATA
0,gridlabd-4/taxonomy-1/R5-25000-6.glm,None,998682b3-8844-4f74-aea6-75c9001548bc,1660169495.1827247,1660169502.1532087,worker-ccb94d85c-xpkc6,192.168.8.214,10,SAVED_DATA
0,taxonomy/R5-25000-6.glm,None,3bc8b265-a871-402c-82d4-1d1cba3cfafa,1660169495.295941,1660169502.4474835,worker-ccb94d85c-6fsjv,192.168.84.173,10,SAVED_DATA
0,taxonomy-1/R5-25000-6.glm,None,a908dcf0-24e8-4115-8ffe-5592f45bfe24,1660169495.2668278,1660169502.3254328,worker-ccb94d85c-8xz2j,192.168.69.5,10,SAVED_DATA
0,taxonomy-1/R5-12470-5.glm,None,981fe7bd-57b3-4526-9fcb-69db4abc9408,1660169494.9863877,1660169502.6834948,worker-ccb94d85c-sgq22,192.168.51.251,10,SAVED_DATA
1,gridlabd-5/taxonomy/R5-12470-5.glm,None,731fe89c-6a6b-4992-bd4f-b2fbecd5690e,1660169494.9566593,1660169502.8585413,worker-ccb94d85c-b4p87,192.168.57.44,10,SAVED_DATA
0,taxonomy/R5-12470-5.glm,None,a9e2ea68-ff7c-40bc-9576-66d2ab864f99,1660169495.0142848,1660169503.0589986,worker-ccb94d85c-z24ct,192.168.53.62,10,SAVED_DATA
0,taxonomy-1/R2-35000-5.glm,None,8aa0950b-bbc2-444a-9c7d-d7b0c5b60edc,1660169495.1264014,1660169503.2754617,worker-ccb94d85c-pwt4h,192.168.60.66,10,SAVED_DATA
1,gridlabd-4/taxonomy/R1-12470-1.glm,None,32a17238-ca13-4cb9-80cc-5aeee262350e,1660169495.351864,1660169503.2192018,worker-ccb94d85c-qkmms,192.168.48.123,11,SAVED_DATA
0,gridlabd-4/taxonomy-1/R2-12470-3.glm,None,ad76c847-1be8-472e-94bd-84a5eac7e194,1660169495.6082997,1660169503.2155375,worker-ccb94d85c-bjkrx,192.168.15.61,9,SAVED_DATA
1,gridlabd-4/taxonomy-1/R2-35000-5.glm,None,f4d8a2dd-dd0d-4b61-b432-098b3a98a248,1660169495.042017,1660169503.3531907,worker-ccb94d85c-5vqwz,192.168.34.165,10,SAVED_DATA
0,gridlabd-4/taxonomy/R2-12470-3.glm,None,f8226cad-42ff-4a0a-a282-4efbd9ecdf00,1660169495.6485686,1660169503.438166,worker-ccb94d85c-f2fl8,192.168.10.50,10,SAVED_DATA
0,taxonomy-1/R1-12470-1.glm,None,92ff55d4-71c0-4eb0-bbad-81391e24b3f4,1660169495.4080489,1660169503.7094836,worker-ccb94d85c-r6wqd,192.168.31.182,10,SAVED_DATA
0,taxonomy-1/R2-12470-3.glm,None,90975618-3224-4809-b296-223257704ab8,1660169495.7037113,1660169503.5488598,worker-ccb94d85c-qtfrx,192.168.21.104,10,SAVED_DATA
0,gridlabd-5/taxonomy/R1-12470-1.glm,None,fbe6ad10-8cac-44a4-b36f-477e2aa8563f,1660169495.3787017,1660169503.1878672,worker-ccb94d85c-vgs59,192.168.67.239,10,SAVED_DATA
1,gridlabd-4/taxonomy-1/R1-12470-1.glm,None,1a34bc7c-c9f8-449c-91c2-f68afa1d3ef3,1660169495.3234005,1660169503.425923,worker-ccb94d85c-vtm64,192.168.64.24,10,SAVED_DATA
2,taxonomy/R1-12470-1.glm,None,ec2ffd2b-e1bf-40f0-8eb8-d1d7f59efa9a,1660169495.4403615,1660169503.816809,worker-ccb94d85c-v9jf9,192.168.90.105,10,SAVED_DATA
0,gridlabd-4/taxonomy/R2-35000-5.glm,None,2a0037fe-3579-46f8-81d3-270f4e302261,1660169495.0681744,1660169503.8172798,worker-ccb94d85c-c5qfl,192.168.70.204,10,SAVED_DATA
0,taxonomy/R2-12470-3.glm,None,9bf03256-e43a-4ff8-aa76-3dcfc60c4435,1660169495.731799,1660169503.6046264,worker-ccb94d85c-m2wbl,192.168.61.219,10,SAVED_DATA
1,gridlabd-5/taxonomy/R2-12470-3.glm,None,2df76027-fe3f-497f-9d90-9b8e01ba5e7f,1660169495.6768105,1660169503.7841446,worker-ccb94d85c-2lsqq,192.168.7.136,10,SAVED_DATA
2,gridlabd-5/taxonomy/R2-35000-5.glm,None,4b11d183-96df-4750-afcb-e51d0140db76,1660169495.0969882,1660169503.7979817,worker-ccb94d85c-zv86f,192.168.29.90,10,SAVED_DATA
3,taxonomy/R2-35000-5.glm,None,84d49c60-eee0-46ef-b2e9-ff63da4f2274,1660169495.1543927,1660169503.830744,worker-ccb94d85c-dk45j,192.168.85.165,10,SAVED_DATA
0,gridlabd-4/taxonomy-1/R2-25000-4.glm,None,a528a6af-9c2f-43e7-a451-3f4419b8780e,1660169501.8546085,1660169505.589342,worker-ccb94d85c-sdkvz,192.168.16.147,10,SAVED_DATA
0,gridlabd-5/taxonomy/R5-12470-4.glm,None,2c6f6323-0fe2-4bb2-8b52-10af5ffe0a65,1660169501.7438767,1660169505.9687514,worker-ccb94d85c-44kw2,192.168.42.87,9,SAVED_DATA
0,taxonomy/R5-12470-4.glm,None,1096bf8f-d993-49ac-9806-d89e07fd56f5,1660169501.7834225,1660169506.0567977,worker-ccb94d85c-wtb2f,192.168.91.250,10,SAVED_DATA
0,taxonomy-1/R5-12470-4.glm,None,2e1eddef-c2a6-41fc-a4ac-04019b01b90f,1660169502.0169964,1660169506.445879,worker-ccb94d85c-qqz7d,192.168.26.42,10,SAVED_DATA
0,PG&E/D0001.glm,None,6f1988d2-51c1-40ba-be30-a7b04dd9bc00,1660169501.9659956,1660169507.579347,worker-ccb94d85c-wtb2f,192.168.91.250,11,SAVED_DATA
0,gridlabd-4/PG&E-1/D0001.glm,None,5f7b2797-3863-44b3-928c-e61fa88e3550,1660169501.9576917,1660169507.7136896,worker-ccb94d85c-sdkvz,192.168.16.147,11,SAVED_DATA
0,gridlabd-4/taxonomy/R5-12470-4.glm,None,9ba27c18-f4e6-4ff1-82cb-19a0fa8ac730,1660169503.700895,1660169507.9162493,worker-ccb94d85c-m2wbl,192.168.61.219,10,SAVED_DATA
0,gridlabd-4/taxonomy-1/R5-12470-4.glm,None,3391f224-fdab-42cf-8126-2efd4e364867,1660169503.7033477,1660169508.0349824,worker-ccb94d85c-qtfrx,192.168.21.104,10,SAVED_DATA
0,IEEE/37.glm,None,ed5d8534-942a-4c47-adab-6d842ccc8a92,1660169507.8096302,1660169508.2096667,worker-ccb94d85c-sdkvz,192.168.16.147,11,SYSTEM_ERROR
0,taxonomy-1/R3-12470-2.glm,None,c47964bd-c256-4422-bf6a-810aedfe2890,1660169506.1527553,1660169508.3016655,worker-ccb94d85c-wtb2f,192.168.91.250,10,SAVED_DATA
0,taxonomy/R3-12470-2.glm,None,67cdcb3d-88c1-4039-a62f-e9ad8a3ac18d,1660169505.691752,1660169508.0240982,worker-ccb94d85c-sdkvz,192.168.16.147,10,SAVED_DATA
0,IEEE-1/37.glm,None,3cbc56b6-cf7a-4087-b128-7502a2fd8980,1660169507.6841395,1660169508.2076392,worker-ccb94d85c-wtb2f,192.168.91.250,11,SYSTEM_ERROR
0,gridlabd-5/PG&E/MO0001.glm,None,8b91f46e-af04-4663-b4b8-0ea56ea0922a,1660169502.9635146,1660169508.4571958,worker-ccb94d85c-b4p87,192.168.57.44,10,SAVED_DATA
0,gridlabd-5/taxonomy/R3-12470-1.glm,None,dc30bb36-8ba9-4172-9a80-1b246b5d05fb,1660169502.2585006,1660169508.9346595,worker-ccb94d85c-xpkc6,192.168.8.214,10,SAVED_DATA
0,taxonomy-1/R3-12470-1.glm,None,037d79fc-6cd0-48ce-8c91-f08ba3b759a8,1660169502.2683802,1660169509.0931866,worker-ccb94d85c-qc79b,192.168.45.56,10,SAVED_DATA
1,taxonomy/R3-12470-1.glm,None,97702754-f61a-4035-bf08-43c29ccc402e,1660169502.3523865,1660169508.8013656,worker-ccb94d85c-rzsct,192.168.86.53,10,SAVED_DATA
0,taxonomy/R2-12470-1.glm,None,c8500899-5cd1-4261-9af2-663589d90637,1660169506.1253912,1660169509.3696308,worker-ccb94d85c-44kw2,192.168.42.87,9,SAVED_DATA
0,gridlabd-4/taxonomy-1/R4-12470-1.glm,None,636bfb8d-7fd4-4ae9-bcd0-acc7a0ca3d2f,1660169502.7878034,1660169509.7801702,worker-ccb94d85c-sgq22,192.168.51.251,10,SAVED_DATA
0,gridlabd-5/taxonomy/R4-12470-1.glm,None,36b2984d-55c3-4695-b6cd-d756ab1fa71e,1660169503.453851,1660169509.856025,worker-ccb94d85c-5vqwz,192.168.34.165,10,SAVED_DATA
0,gridlabd-4/taxonomy-1/R3-12470-1.glm,None,3cbb14e1-969b-473c-ba79-55d08caf27d7,1660169503.372422,1660169509.884245,worker-ccb94d85c-pwt4h,192.168.60.66,10,SAVED_DATA
0,gridlabd-4/IEEE-1/342.glm,None,106f6a20-667b-4920-a80c-7d928c0b8d61,1660169503.3711965,1660169510.3002741,worker-ccb94d85c-bjkrx,192.168.15.61,9,SAVED_DATA
0,gridlabd-4/taxonomy/R3-12470-1.glm,None,9011b92f-b11e-47ac-b662-16332a317a69,1660169504.005189,1660169510.6105359,worker-ccb94d85c-dk45j,192.168.85.165,10,SAVED_DATA
1,gridlabd-4/IEEE/342.glm,None,83d9dfda-1289-46ab-8b28-3b679f85d184,1660169503.5515115,1660169510.597632,worker-ccb94d85c-f2fl8,192.168.10.50,10,SAVED_DATA
0,taxonomy-1/R4-12470-1.glm,None,8a5c6bf2-ddfb-44dc-b811-fdfccea4829a,1660169503.9257617,1660169510.7169242,worker-ccb94d85c-c5qfl,192.168.70.204,10,SAVED_DATA
0,IEEE-1/8500.glm,None,c80d3c4e-d297-4784-b40e-8732884733e3,1660169494.4360645,1660169510.8099303,worker-ccb94d85c-vgs59,192.168.67.239,11,SAVED_DATA
0,gridlabd-4/taxonomy/R4-12470-1.glm,None,2060f3fe-49a5-4a1d-b6a9-7c332decd5cf,1660169503.1809676,1660169510.597766,worker-ccb94d85c-z24ct,192.168.53.62,10,SAVED_DATA
0,taxonomy/R4-12470-1.glm,None,76a0dfb0-4aac-4af7-99a5-0f2329078d4a,1660169503.9094622,1660169510.798928,worker-ccb94d85c-zv86f,192.168.29.90,10,SAVED_DATA
1,gridlabd-5/IEEE/342.glm,None,6900962e-9084-4c08-91b5-f3ce947f5c64,1660169503.898707,1660169510.966228,worker-ccb94d85c-2lsqq,192.168.7.136,10,SAVED_DATA
0,gridlabd-4/IEEE-1/8500.glm,None,95e69a5d-ea43-4f50-9fc6-28aa0abd5434,1660169494.5098722,1660169511.2455075,worker-ccb94d85c-v9jf9,192.168.90.105,11,SAVED_DATA
0,gridlabd-5/IEEE/8500.glm,None,350cec85-c951-459b-a018-d8e1712509e4,1660169494.5662534,1660169511.3037763,worker-ccb94d85c-fbmxv,192.168.75.37,11,SAVED_DATA
0,gridlabd-5/taxonomy/R2-12470-1.glm,None,87124dc8-0ebd-43d2-8008-cbee750944af,1660169508.1497211,1660169511.5403123,worker-ccb94d85c-qtfrx,192.168.21.104,10,SAVED_DATA
0,taxonomy-1/R2-12470-1.glm,None,6388adc3-77cb-45ef-be72-236165cb51e8,1660169508.0289958,1660169511.397531,worker-ccb94d85c-m2wbl,192.168.61.219,10,SAVED_DATA
0,gridlabd-4/taxonomy/R3-12470-2.glm,None,87967095-f059-4d6b-b8b4-05d47088b525,1660169509.4641,1660169511.94681,worker-ccb94d85c-44kw2,192.168.42.87,9,SAVED_DATA
0,gridlabd-4/taxonomy/R2-25000-4.glm,None,01ac9838-84dd-40da-8c7e-734aa3926e44,1660169508.5607545,1660169512.3077497,worker-ccb94d85c-b4p87,192.168.57.44,10,SAVED_DATA
1,IEEE/8500.glm,None,479426bb-f2c2-4b4f-8509-d91be17197cc,1660169494.4739916,1660169512.3103523,worker-ccb94d85c-r6wqd,192.168.31.182,11,SAVED_DATA
0,taxonomy/R5-35000-7.glm,None,11e30815-a7f4-4b14-bb2f-628f9bb38185,1660169509.0290475,1660169512.47128,worker-ccb94d85c-xpkc6,192.168.8.214,10,SAVED_DATA
0,gridlabd-4/taxonomy/R1-12470-2.glm,None,0b6478d5-90f3-4381-85f0-fd33919c470b,1660169508.8997507,1660169512.50891,worker-ccb94d85c-rzsct,192.168.86.53,10,SAVED_DATA
0,PG&E-1/D0001.glm,None,83610bab-3b1f-4001-a39e-ff9a88a451ed,1660169506.566734,1660169512.7175612,worker-ccb94d85c-qqz7d,192.168.26.42,10,SAVED_DATA
1,gridlabd-4/taxonomy-1/R1-12470-2.glm,None,01bd0eda-2f4f-448a-9f73-d731bac372d2,1660169509.1952388,1660169512.703584,worker-ccb94d85c-qc79b,192.168.45.56,10,SAVED_DATA
2,gridlabd-4/IEEE/8500.glm,None,710cdd2d-0437-419c-8169-0ab55049aa95,1660169494.537685,1660169512.7917058,worker-ccb94d85c-wfq2j,192.168.76.12,11,SAVED_DATA
0,gridlabd-5/taxonomy/R5-35000-7.glm,None,b716f52d-02c5-41a2-9223-47ad0c6484f8,1660169509.9745338,1660169513.4696436,worker-ccb94d85c-pwt4h,192.168.60.66,10,SAVED_DATA
0,taxonomy/R5-12470-2.glm,None,24cd49ed-57ef-4bb9-8b5c-4c861b0f01d7,1660169510.3988004,1660169513.5718052,worker-ccb94d85c-bjkrx,192.168.15.61,9,SAVED_DATA
0,gridlabd-5/taxonomy/R2-25000-4.glm,None,ad92a881-ec33-4ea3-a963-bb34c3d697fd,1660169509.8848577,1660169513.5803692,worker-ccb94d85c-sgq22,192.168.51.251,10,SAVED_DATA
0,taxonomy/R2-25000-4.glm,None,0c243131-4821-43e7-ac13-397be10e48d2,1660169509.9485793,1660169513.5519996,worker-ccb94d85c-5vqwz,192.168.34.165,10,SAVED_DATA
0,gridlabd-4/taxonomy-1/R2-12470-1.glm,None,9b68764b-4c26-4423-b8c9-1d2e892ce9b2,1660169510.6975198,1660169514.105505,worker-ccb94d85c-f2fl8,192.168.10.50,10,SAVED_DATA
1,gridlabd-4/taxonomy-1/R3-12470-2.glm,None,a7500ddd-b6b9-4177-a7e8-66c27645c6fa,1660169511.4974215,1660169513.9286103,worker-ccb94d85c-m2wbl,192.168.61.219,10,SAVED_DATA
2,taxonomy-1/R1-12470-3.glm,None,255f7c79-a703-4ee0-a250-60098f74cc2a,1660169512.0539143,1660169514.0523412,worker-ccb94d85c-44kw2,192.168.42.87,9,SAVED_DATA
0,taxonomy-1/R5-35000-7.glm,None,30318e45-f0a6-44ab-ae95-75401e829be4,1660169510.7063859,1660169514.2303603,worker-ccb94d85c-dk45j,192.168.85.165,10,SAVED_DATA
0,taxonomy/R1-25000-5.glm,None,41e4a902-4d0b-43c0-8c66-8392f078691b,1660169511.645623,1660169514.4033575,worker-ccb94d85c-qtfrx,192.168.21.104,10,SAVED_DATA
0,gridlabd-4/taxonomy-1/R5-35000-7.glm,None,238dcf98-c7ff-48a5-9f53-4a1062b3ed62,1660169510.7774847,1660169514.2673373,worker-ccb94d85c-c5qfl,192.168.70.204,10,SAVED_DATA
1,gridlabd-4/taxonomy/R5-35000-7.glm,None,4af5e5b6-ac72-407e-a8b7-326de916ba34,1660169510.9122663,1660169514.3966084,worker-ccb94d85c-zv86f,192.168.29.90,10,SAVED_DATA
0,gridlabd-4/taxonomy/R2-12470-1.glm,None,3aefb393-c6dd-4ac4-9f8a-42438aae1765,1660169511.0633419,1660169514.4686956,worker-ccb94d85c-2lsqq,192.168.7.136,10,SAVED_DATA
0,taxonomy-1/R2-25000-4.glm,None,3b0c32ad-e5f3-404d-a056-f6cbf0399823,1660169510.7018406,1660169514.659315,worker-ccb94d85c-z24ct,192.168.53.62,10,SAVED_DATA
0,gridlabd-5/taxonomy/R3-12470-2.glm,None,91fbe0bf-1947-4981-bccb-24030e8052c5,1660169512.815218,1660169515.314898,worker-ccb94d85c-qqz7d,192.168.26.42,10,SAVED_DATA
0,gridlabd-4/taxonomy/R2-12470-2.glm,None,de01246d-8eea-4870-8728-cdbb9a5416e0,1660169512.57945,1660169515.6773698,worker-ccb94d85c-xpkc6,192.168.8.214,10,SAVED_DATA
0,taxonomy-1/R2-12470-2.glm,None,7813fe41-650a-4da3-8cfe-cd47230f6f87,1660169512.603563,1660169515.7738426,worker-ccb94d85c-rzsct,192.168.86.53,10,SAVED_DATA
0,gridlabd-5/taxonomy/R2-12470-2.glm,None,f73fbd57-5d81-4595-8fd5-15e3b6f11119,1660169512.806557,1660169515.9814167,worker-ccb94d85c-qc79b,192.168.45.56,10,SAVED_DATA
0,gridlabd-5/taxonomy/R1-12470-3.glm,None,7ba8295b-ac14-4050-ab10-6538ae2116e9,1660169514.0802186,1660169516.1855035,worker-ccb94d85c-m2wbl,192.168.61.219,10,SAVED_DATA
0,gridlabd-4/taxonomy/R1-25000-5.glm,None,096013e7-2220-483e-8574-3bf694b67192,1660169513.6737993,1660169516.396883,worker-ccb94d85c-bjkrx,192.168.15.61,9,SAVED_DATA
0,gridlabd-4/taxonomy/R1-12470-3.glm,None,b7095691-e275-466d-9940-84fb654398dc,1660169514.4679945,1660169516.5522609,worker-ccb94d85c-qtfrx,192.168.21.104,10,SAVED_DATA
0,taxonomy/R5-12470-1.glm,None,608e7555-a4b8-4f7c-b3a1-bf56a97ebd0c,1660169513.5574522,1660169516.7849495,worker-ccb94d85c-pwt4h,192.168.60.66,10,SAVED_DATA
0,gridlabd-5/taxonomy/R1-25000-5.glm,None,a3c88cc2-2edf-490c-b05e-ea6d25a6d69b,1660169514.1965017,1660169516.9057896,worker-ccb94d85c-f2fl8,192.168.10.50,10,SAVED_DATA
0,gridlabd-4/taxonomy/R5-12470-1.glm,None,2e8b04bd-6616-47dc-b1f9-4ebd4bbc8608,1660169513.6582007,1660169516.958083,worker-ccb94d85c-5vqwz,192.168.34.165,10,SAVED_DATA
0,gridlabd-4/taxonomy-1/R2-12470-2.glm,None,d49be34e-4555-4d1b-8adb-12bf2cf52f42,1660169514.3367982,1660169517.4096045,worker-ccb94d85c-dk45j,192.168.85.165,10,SAVED_DATA
1,taxonomy-1/R1-25000-5.glm,None,318a6b32-9825-4482-8de0-b1b7f3559841,1660169514.607012,1660169517.3847127,worker-ccb94d85c-2lsqq,192.168.7.136,10,SAVED_DATA
0,taxonomy/R1-12470-3.glm,None,b3efa789-bf7d-46b1-a80d-331609f03818,1660169515.372285,1660169517.5487497,worker-ccb94d85c-qqz7d,192.168.26.42,10,SAVED_DATA
0,gridlabd-5/taxonomy/R5-12470-1.glm,None,4f8a7d6a-063b-4d59-b6c5-2cf317ab10fd,1660169514.372747,1660169517.749201,worker-ccb94d85c-c5qfl,192.168.70.204,10,SAVED_DATA
0,taxonomy-1/R5-12470-1.glm,None,d20e8ad3-6316-4ef9-bd6e-4d4ec456524d,1660169514.505237,1660169517.8654861,worker-ccb94d85c-zv86f,192.168.29.90,10,SAVED_DATA
0,gridlabd-4/PG&E/D0001.glm,None,5639c2f5-110b-47e9-8f65-47325cb4e44e,1660169512.3594787,1660169518.157332,worker-ccb94d85c-b4p87,192.168.57.44,10,SAVED_DATA
0,gridlabd-4/taxonomy-1/R5-12470-1.glm,None,7c2495db-6de5-47a6-b69b-7dd328439992,1660169514.75924,1660169518.4032245,worker-ccb94d85c-z24ct,192.168.53.62,10,SAVED_DATA
0,taxonomy-1/R1-12470-4.glm,None,9cc5f4ca-74c7-457c-a7b5-4b87462fb02e,1660169515.8365386,1660169518.6351202,worker-ccb94d85c-xpkc6,192.168.8.214,10,SAVED_DATA
1,gridlabd-4/IEEE/123.glm,None,d41eb058-aced-4223-869a-61442a4c9b86,1660169516.492794,1660169518.600576,worker-ccb94d85c-bjkrx,192.168.15.61,9,SAVED_DATA
0,taxonomy/R1-12470-4.glm,None,e413a865-5eaa-4356-a172-21941d49264b,1660169516.1019359,1660169518.7147768,worker-ccb94d85c-qc79b,192.168.45.56,10,SAVED_DATA
0,gridlabd-5/IEEE/123.glm,None,4f557748-6ce8-4108-87f0-41a323e09203,1660169516.9960282,1660169519.1017041,worker-ccb94d85c-f2fl8,192.168.10.50,10,SAVED_DATA
0,gridlabd-5/PG&E/D0001.glm,None,5aab092d-b116-4937-b6e2-75e7967d39fe,1660169513.683981,1660169519.5039172,worker-ccb94d85c-sgq22,192.168.51.251,10,SAVED_DATA
1,gridlabd-4/taxonomy/R1-12470-4.glm,None,ec3e4bbf-d382-4b06-80d7-8d266894c9ec,1660169516.8878098,1660169519.5587087,worker-ccb94d85c-pwt4h,192.168.60.66,10,SAVED_DATA
2,gridlabd-4/taxonomy-1/R1-12470-3.glm,None,3b3caa7a-ff7c-461a-8bce-508b2b556ef3,1660169517.483622,1660169519.5015416,worker-ccb94d85c-2lsqq,192.168.7.136,10,SAVED_DATA
0,gridlabd-5/taxonomy/R1-12470-4.glm,None,fed7a95d-ae24-4d58-864c-74dfb30a87ff,1660169517.4608576,1660169520.129216,worker-ccb94d85c-dk45j,192.168.85.165,10,SAVED_DATA
0,taxonomy/R5-12470-3.glm,None,351d5541-050c-4e74-b4f2-b5dcdaad90c3,1660169494.3773904,1660169520.6579533,worker-ccb94d85c-qkmms,192.168.48.123,12,SAVED_DATA
0,gridlabd-4/taxonomy-1/R1-12470-4.glm,None,64d39419-f8fd-41d1-a353-ed23f855c487,1660169517.9714768,1660169520.7086525,worker-ccb94d85c-zv86f,192.168.29.90,10,SAVED_DATA
0,gridlabd-4/IEEE/13.glm,None,a1afe0e5-ec78-431a-8bc6-89e5c6cf963f,1660169519.65196,1660169521.472391,worker-ccb94d85c-pwt4h,192.168.60.66,10,SAVED_DATA
0,gridlabd-4/taxonomy-1/R5-12470-3.glm,None,413a3b7a-4d07-4219-ad76-377a6e03d5f1,1660169494.2611527,1660169521.983432,worker-ccb94d85c-rzsct,192.168.86.53,11,SAVED_DATA
0,gridlabd-5/IEEE/13.glm,None,da4b14d2-03c4-4c08-b7b0-b785bac927bc,1660169520.230925,1660169522.030962,worker-ccb94d85c-dk45j,192.168.85.165,10,SAVED_DATA
0,gridlabd-4/IEEE-1/13.glm,None,b8d0fde1-caef-4423-8df3-85a846be3759,1660169520.8223982,1660169522.7683864,worker-ccb94d85c-zv86f,192.168.29.90,10,SAVED_DATA
0,gridlabd-4/taxonomy/R5-12470-3.glm,None,f514b301-0565-4045-a331-43c7bc8cce07,1660169494.2908044,1660169523.1588056,worker-ccb94d85c-8xz2j,192.168.69.5,11,SAVED_DATA
0,taxonomy-1/R5-12470-3.glm,None,3f6db9df-79fc-4b8f-8282-f52e052d0b46,1660169494.3490322,1660169523.394303,worker-ccb94d85c-vtm64,192.168.64.24,11,SAVED_DATA
0,gridlabd-5/taxonomy/R5-12470-3.glm,None,66f00821-2e3e-4470-a2d7-e9ed7ecbd74a,1660169494.3201013,1660169523.4656892,worker-ccb94d85c-6fsjv,192.168.84.173,11,SAVED_DATA
0,PG&E-1/OC0001.glm,None,d5564f04-3500-40b2-938b-51fd4fbe6703,1660169503.7753205,1660169524.211095,worker-ccb94d85c-r6wqd,192.168.31.182,10,SAVED_DATA
0,PG&E-1/BR0015.glm,None,4603b62c-5312-4708-ad11-216e3bada1c6,1660169515.8796337,1660169525.0465622,worker-ccb94d85c-rzsct,192.168.86.53,10,SAVED_DATA
0,taxonomy/R3-12470-3.glm,None,fef48061-3d7d-4983-b71d-c44115d346c1,1660169494.2319732,1660169525.437598,worker-ccb94d85c-qc79b,192.168.45.56,11,SAVED_DATA
1,gridlabd-4/taxonomy/R3-12470-3.glm,None,1708ddd1-73c2-4688-955c-d19e77905468,1660169494.1443493,1660169525.4360633,worker-ccb94d85c-pwt4h,192.168.60.66,11,SAVED_DATA
0,PG&E/OC0001.glm,None,e3b41b36-e506-4699-978c-70cab0db730c,1660169503.8979983,1660169525.6529493,worker-ccb94d85c-v9jf9,192.168.90.105,10,SAVED_DATA
0,taxonomy-1/R3-12470-3.glm,None,dded42c8-9131-460a-8601-1e8b9000ddf3,1660169494.204394,1660169526.6329775,worker-ccb94d85c-xpkc6,192.168.8.214,11,SAVED_DATA
0,gridlabd-5/taxonomy/R1-12470-2.glm,None,23f4104b-2e21-415d-85f7-31e5b74673c5,1660169523.309205,1660169527.0173855,worker-ccb94d85c-8xz2j,192.168.69.5,11,SAVED_DATA
0,taxonomy/R1-12470-2.glm,None,b48860b3-1045-4a70-8351-be2d8b37ba8f,1660169523.490973,1660169527.2019029,worker-ccb94d85c-vtm64,192.168.64.24,11,SAVED_DATA
1,gridlabd-5/taxonomy/R3-12470-3.glm,None,691fea52-6aa4-440b-bfb8-27ba567b5e17,1660169494.1731808,1660169527.2224512,worker-ccb94d85c-dk45j,192.168.85.165,11,SAVED_DATA
2,taxonomy-1/R1-12470-2.glm,None,8498380d-a997-4ae7-99d2-cf61b2ddf8b7,1660169523.569767,1660169527.2425387,worker-ccb94d85c-6fsjv,192.168.84.173,11,SAVED_DATA
0,taxonomy/R4-12470-2.glm,None,8becc8c2-1f1a-4cd1-be44-48ab91ec0f11,1660169524.2575896,1660169527.409289,worker-ccb94d85c-r6wqd,192.168.31.182,10,SAVED_DATA
0,gridlabd-4/taxonomy-1/R3-12470-3.glm,None,eecf2a03-d6e3-4886-b6d6-9eae1cad0fb5,1660169494.1169913,1660169527.8390179,worker-ccb94d85c-zv86f,192.168.29.90,11,SAVED_DATA
0,gridlabd-4/taxonomy-1/R4-25000-3.glm,None,3ee29328-6745-4172-ac17-7037b8c35fa4,1660169525.74417,1660169528.7403479,worker-ccb94d85c-v9jf9,192.168.90.105,10,SAVED_DATA
0,gridlabd-4/PG&E/PL0001.glm,None,e7d6252a-d37a-478c-8bad-31664ec9aa75,1660169517.0676472,1660169529.9700408,worker-ccb94d85c-5vqwz,192.168.34.165,10,SAVED_DATA
0,gridlabd-4/PG&E/TMP0009.glm,None,f3686711-8818-471f-a8cf-1b1fc29dac79,1660169494.054098,1660169530.3496873,worker-ccb94d85c-5vqwz,192.168.34.165,11,SAVED_DATA
0,gridlabd-4/taxonomy/R4-12470-2.glm,None,4a82d123-efd4-4175-9763-9665620b7f2a,1660169527.2894108,1660169530.3383915,worker-ccb94d85c-vtm64,192.168.64.24,11,SAVED_DATA
0,gridlabd-4/taxonomy-1/R4-12470-2.glm,None,e1d5bbb6-013b-4b31-8155-90c209973c5c,1660169527.3309262,1660169530.4485276,worker-ccb94d85c-6fsjv,192.168.84.173,11,SAVED_DATA
0,taxonomy/R2-12470-2.glm,None,3c093ce2-944f-4445-9140-47e430024265,1660169527.110838,1660169530.334954,worker-ccb94d85c-8xz2j,192.168.69.5,11,SAVED_DATA
0,gridlabd-5/PG&E/PL0001.glm,None,ae2cad1d-c307-4335-953a-af769aa8b7aa,1660169517.8661096,1660169531.1585996,worker-ccb94d85c-c5qfl,192.168.70.204,10,SAVED_DATA
0,IEEE-1/13.glm,None,dc6810de-1e34-4de0-98e9-1444be20d0c4,1660169530.080919,1660169531.3276422,worker-ccb94d85c-5vqwz,192.168.34.165,10,SAVED_DATA
0,PG&E-1/PL0001.glm,None,ed9c3d32-d57b-4658-801e-1e2ecf75e5b3,1660169518.255078,1660169531.344646,worker-ccb94d85c-b4p87,192.168.57.44,10,SAVED_DATA
0,PG&E/TMP0009.glm,None,c5c06b7d-533f-412e-85f7-ce709d589e0b,1660169493.989867,1660169531.6004188,worker-ccb94d85c-sgq22,192.168.51.251,11,SAVED_DATA
0,PG&E-1/TMP0009.glm,None,4e579f53-36c3-45ac-a3c6-55af90fb5934,1660169493.9131362,1660169531.8504195,worker-ccb94d85c-b4p87,192.168.57.44,11,SAVED_DATA
0,gridlabd-4/IEEE-1/37.glm,None,0712f5d1-79e9-43d5-9dad-1aed67f9bcf9,1660169531.457908,1660169531.937697,worker-ccb94d85c-b4p87,192.168.57.44,10,SYSTEM_ERROR
0,gridlabd-4/IEEE/37.glm,None,5db4ec13-42f8-4d07-8e8e-d124488d82a0,1660169531.7158356,1660169532.2339737,worker-ccb94d85c-sgq22,192.168.51.251,11,SYSTEM_ERROR
1,PG&E/PL0001.glm,None,27d9befa-4639-44dd-ad4d-7641145ed67c,1660169519.5918887,1660169532.1639383,worker-ccb94d85c-sgq22,192.168.51.251,10,SAVED_DATA
0,gridlabd-5/PG&E/TMP0009.glm,None,8552f8cd-9f2c-47be-8081-765823100c91,1660169494.0884976,1660169532.5218687,worker-ccb94d85c-c5qfl,192.168.70.204,11,SAVED_DATA
0,gridlabd-4/PG&E-1/PL0001.glm,None,737c0eb1-8026-4f8d-bafe-3bc2ad3f903c,1660169518.5534852,1660169532.5006247,worker-ccb94d85c-z24ct,192.168.53.62,10,SAVED_DATA
0,IEEE/13.glm,None,646fffa2-ca59-4ca6-909d-b766de0f180a,1660169531.2666335,1660169532.9448605,worker-ccb94d85c-c5qfl,192.168.70.204,10,SAVED_DATA
0,gridlabd-5/IEEE/37.glm,None,98c55560-16e4-433f-b2d6-92faf8c4b084,1660169532.6537514,1660169533.1814606,worker-ccb94d85c-z24ct,192.168.53.62,10,SYSTEM_ERROR
1,gridlabd-4/PG&E/OC0001.glm,None,a9d6ff0f-6331-4a7d-be9e-545eadcedd5d,1660169511.391587,1660169533.2087545,worker-ccb94d85c-fbmxv,192.168.75.37,11,SAVED_DATA
0,gridlabd-4/PG&E-1/OC0001.glm,None,81381538-0c75-4c71-9f72-f48f0c6da31c,1660169512.8961868,1660169533.2976935,worker-ccb94d85c-wfq2j,192.168.76.12,11,SAVED_DATA
0,PG&E/BU0001.glm,None,b4426666-f2a4-4a91-bddc-01836c8e1764,1660169527.506631,1660169534.2548738,worker-ccb94d85c-r6wqd,192.168.31.182,10,SAVED_DATA
0,gridlabd-4/PG&E-1/TMP0009.glm,None,27e41a0c-9300-4317-a8c7-4501ea189c1b,1660169494.0262425,1660169534.7734292,worker-ccb94d85c-z24ct,192.168.53.62,11,SAVED_DATA
0,PG&E/AT0001.glm,None,6de90261-e2c2-47af-9875-06742326eb69,1660169510.8982053,1660169534.7739048,worker-ccb94d85c-vgs59,192.168.67.239,11,SAVED_DATA
0,gridlabd-4/PG&E-1/AT0001.glm,None,163eeb0a-c6d2-4292-8b10-713ee7cf8f41,1660169512.4054537,1660169535.228564,worker-ccb94d85c-r6wqd,192.168.31.182,11,SAVED_DATA
1,PG&E-1/AL0001.glm,None,746e2d23-4742-4ab8-a7cc-acad8364e43c,1660169502.4323459,1660169535.1586072,worker-ccb94d85c-8xz2j,192.168.69.5,10,SAVED_DATA
0,gridlabd-4/PG&E/AT0001.glm,None,d0b13afb-f2ff-4834-acfc-5bf48a663246,1660169511.3566039,1660169535.6677206,worker-ccb94d85c-v9jf9,192.168.90.105,11,SAVED_DATA
0,PG&E/AL0001.glm,None,230bd1b8-666f-41fe-addd-55013e1c48be,1660169502.5602367,1660169535.8283193,worker-ccb94d85c-6fsjv,192.168.84.173,10,SAVED_DATA
0,gridlabd-4/PG&E-1/BU0001.glm,None,eed46b84-09bf-4bc3-9381-5367b0b3018e,1660169528.8343992,1660169535.9037213,worker-ccb94d85c-v9jf9,192.168.90.105,10,SAVED_DATA
0,gridlabd-4/taxonomy-1/R5-12470-2.glm,None,1a9caab1-98df-4482-bbaa-cc02a070c99d,1660169533.3089354,1660169536.4310758,worker-ccb94d85c-fbmxv,192.168.75.37,11,SAVED_DATA
0,gridlabd-4/PG&E-1/AL0001.glm,None,9ef419c8-6c9c-4c7a-bec3-a1fa24012bf2,1660169503.5532024,1660169536.5910566,worker-ccb94d85c-vtm64,192.168.64.24,10,SAVED_DATA
0,gridlabd-5/PG&E/AL0001.glm,None,fa4e0230-dbd2-4630-86c6-76fcb2caa9ea,1660169503.292172,1660169536.6869283,worker-ccb94d85c-vgs59,192.168.67.239,10,SAVED_DATA
0,gridlabd-4/PG&E/AL0001.glm,None,379f64ce-357e-43f4-96d8-8e9c2df1b391,1660169503.2729044,1660169536.7581823,worker-ccb94d85c-qkmms,192.168.48.123,11,SAVED_DATA
0,taxonomy-1/R4-12470-2.glm,None,3278c294-7f4d-4a8c-b208-049930ff13aa,1660169534.886117,1660169537.6847544,worker-ccb94d85c-vgs59,192.168.67.239,11,SAVED_DATA
0,PG&E/BR0015.glm,None,ec52bbaa-7f74-4909-8acc-9b1c620d7a7d,1660169530.4661884,1660169539.0096743,worker-ccb94d85c-8xz2j,192.168.69.5,11,SAVED_DATA
0,gridlabd-5/taxonomy/R4-25000-3.glm,None,3ae3277b-de56-464b-b013-d4d3837087b1,1660169536.5519555,1660169539.2315023,worker-ccb94d85c-fbmxv,192.168.75.37,11,SAVED_DATA
0,gridlabd-4/PG&E-1/BR0015.glm,None,3db3af93-8ca0-47e1-b006-cc60dd698ce5,1660169530.5330305,1660169539.462841,worker-ccb94d85c-6fsjv,192.168.84.173,11,SAVED_DATA
0,gridlabd-4/PG&E/BR0015.glm,None,411947e3-9d3f-4042-96d9-fae5266e3f88,1660169530.4517028,1660169539.7077167,worker-ccb94d85c-vtm64,192.168.64.24,11,SAVED_DATA
0,gridlabd-5/taxonomy/R4-12470-2.glm,None,6042803e-c963-4432-8c57-41dd0a76698b,1660169536.8525164,1660169539.86383,worker-ccb94d85c-qkmms,192.168.48.123,11,SAVED_DATA
0,PG&E-1/BU0001.glm,None,ebde0565-e0ec-4988-83e9-821c21c30361,1660169536.8191118,1660169540.629421,worker-ccb94d85c-vgs59,192.168.67.239,10,SAVED_DATA
0,gridlabd-5/PG&E/HL0004.glm,None,7894a55f-d576-4109-b742-12a5fb4b6e4f,1660169494.7185292,1660169546.1158817,worker-ccb94d85c-f2fl8,192.168.10.50,11,SAVED_DATA
0,PG&E-1/AT0001.glm,None,c19b70e6-ec54-4f25-b1e8-498b5f9a5dc2,1660169520.7527037,1660169544.3512833,worker-ccb94d85c-qkmms,192.168.48.123,12,SAVED_DATA
0,PG&E/MC0001.glm,None,aeba79c2-a969-475e-b090-38a87326bc48,1660169495.4934165,1660169546.9588215,worker-ccb94d85c-fbmxv,192.168.75.37,10,SAVED_DATA
0,gridlabd-5/PG&E/BU0001.glm,None,8883f347-1c70-40af-a7da-5965b43cf503,1660169539.3620307,1660169546.0995147,worker-ccb94d85c-fbmxv,192.168.75.37,11,SAVED_DATA
1,PG&E-1/MC0001.glm,None,ab0e95d3-14bf-4453-b81f-beb93687387a,1660169495.4673867,1660169546.404497,worker-ccb94d85c-wfq2j,192.168.76.12,10,SAVED_DATA
0,gridlabd-4/PG&E/HL0004.glm,None,c4586498-267d-4601-8308-80424ad5d2e8,1660169494.682481,1660169545.0250094,worker-ccb94d85c-bjkrx,192.168.15.61,10,SAVED_DATA
0,gridlabd-4/PG&E/MC0001.glm,None,8b1dbaf9-b8cb-4873-b175-deabc8d2db5c,1660169495.550852,1660169546.9513261,worker-ccb94d85c-zq7hh,192.168.37.42,11,SAVED_DATA
0,gridlabd-4/PG&E-1/MC0001.glm,None,d0fe5aa5-3997-4f55-80f6-edb73222e9c4,1660169495.5230582,1660169547.418556,worker-ccb94d85c-xrdd8,192.168.59.254,10,SAVED_DATA
0,gridlabd-5/PG&E/MC0001.glm,None,868e0f30-c593-40c5-b96a-a440ed874ada,1660169495.5800686,1660169547.5510879,worker-ccb94d85c-b9dcn,192.168.26.178,10,SAVED_DATA
0,gridlabd-5/PG&E/BR0015.glm,None,dafb08cd-8916-42c2-8099-ccbe0d08be62,1660169539.9677837,1660169548.618964,worker-ccb94d85c-qkmms,192.168.48.123,11,SAVED_DATA
0,gridlabd-4/taxonomy/R4-25000-3.glm,None,519a52d3-3afa-47bf-b36c-37d838e9f535,1660169546.4854794,1660169549.1196594,worker-ccb94d85c-wfq2j,192.168.76.12,10,SAVED_DATA
0,IEEE/342.glm,None,fdb5b92b-50ad-4663-83ef-a9b8f1c16d2a,1660169547.6699145,1660169554.6493237,worker-ccb94d85c-b9dcn,192.168.26.178,10,SAVED_DATA
0,gridlabd-4/PG&E/BU0001.glm,None,0b2aee4a-9d96-4596-a996-e8e0d81bfd99,1660169549.2318082,1660169556.0712337,worker-ccb94d85c-wfq2j,192.168.76.12,10,SAVED_DATA
0,gridlabd-5/PG&E/AT0001.glm,None,8f486a0a-e7d8-4020-ba9c-1e87b5fc53cc,1660169533.4111774,1660169556.3194196,worker-ccb94d85c-wfq2j,192.168.76.12,11,SAVED_DATA
0,taxonomy-1/R5-12470-2.glm,None,310eb885-6eeb-4edd-b3be-c79f5abf8035,1660169554.7684784,1660169557.9412017,worker-ccb94d85c-b9dcn,192.168.26.178,10,SAVED_DATA
0,IEEE-1/342.glm,None,aa7eaf33-c9f7-4f80-b075-865e3e50230a,1660169547.0650449,1660169559.048126,worker-ccb94d85c-zq7hh,192.168.37.42,11,SAVED_DATA
0,gridlabd-4/PG&E-1/HL0004.glm,None,55917104-56a3-4ec7-a51a-0f51a0f05ebd,1660169494.6514392,1660169560.56975,worker-ccb94d85c-b9dcn,192.168.26.178,11,SYSTEM_ERROR
0,gridlabd-4/taxonomy-1/R1-25000-5.glm,None,a3a211f0-510d-4c9b-b681-29fc1be29386,1660169558.0362213,1660169560.7414782,worker-ccb94d85c-b9dcn,192.168.26.178,10,SAVED_DATA
0,PG&E/HL0004.glm,None,7878d79b-ff21-454e-b306-ddf6fe0957ce,1660169494.6231444,1660169560.6629267,worker-ccb94d85c-zq7hh,192.168.37.42,12,SYSTEM_ERROR
0,PG&E-1/HL0004.glm,None,b169cc98-485d-4715-860c-14233f5e9828,1660169494.59558,1660169560.9319248,worker-ccb94d85c-xrdd8,192.168.59.254,11,SYSTEM_ERROR
0,gridlabd-4/IEEE-1/123.glm,None,47cb65a9-d143-4665-9042-8e73c685c161,1660169560.6637151,1660169561.816848,worker-ccb94d85c-b9dcn,192.168.26.178,11,SAVED_DATA
0,gridlabd-5/taxonomy/R5-12470-2.glm,None,44e34514-f104-47da-a024-5a0e6b8d4bc3,1660169559.1450334,1660169561.9246926,worker-ccb94d85c-zq7hh,192.168.37.42,11,SAVED_DATA
0,taxonomy/R4-25000-3.glm,None,67057c11-f3cc-4ae9-8bba-f4a0f2257215,1660169560.7703118,1660169563.3350303,worker-ccb94d85c-zq7hh,192.168.37.42,12,SAVED_DATA
0,IEEE/123.glm,None,6f15af44-4dee-4b40-97f6-33c330871064,1660169562.0177615,1660169563.7466698,worker-ccb94d85c-zq7hh,192.168.37.42,11,SAVED_DATA
0,gridlabd-4/taxonomy/R5-12470-2.glm,None,692ac292-5ce8-46da-a9fb-36e9af1bc68f,1660169561.0244453,1660169564.1204767,worker-ccb94d85c-xrdd8,192.168.59.254,11,SAVED_DATA
0,taxonomy-1/R4-25000-3.glm,None,6249b420-07fb-454b-9a70-e349d41d76c1,1660169564.231851,1660169566.909601,worker-ccb94d85c-xrdd8,192.168.59.254,11,SAVED_DATA
0,gridlabd-5/PG&E/OC0001.glm,None,40352c6b-c300-4c28-b416-660d90c66f46,1660169547.522446,1660169567.3193388,worker-ccb94d85c-xrdd8,192.168.59.254,10,SAVED_DATA
0,IEEE-1/123.glm,None,d1c8aaa2-26c8-4b87-a01e-3d808783a4c1,1660169567.0244467,1660169568.2941391,worker-ccb94d85c-xrdd8,192.168.59.254,11,SAVED_DATA
0,gridlabd-4/PG&E/MC0006.glm,None,6e6986ac-90a7-4bfb-9532-34a20d58887e,1660169494.8399856,1660169596.4244347,worker-ccb94d85c-44kw2,192.168.42.87,10,SAVED_DATA
0,PG&E/MC0006.glm,None,c02c23f1-e9af-4397-aef9-57c55eb11323,1660169494.7831423,1660169598.7867126,worker-ccb94d85c-qtfrx,192.168.21.104,11,SAVED_DATA
0,gridlabd-4/PG&E-1/MC0006.glm,None,f9e298f3-5518-4540-9404-1189ebc40a6a,1660169494.8110013,1660169599.1204574,worker-ccb94d85c-m2wbl,192.168.61.219,11,SAVED_DATA
0,PG&E-1/MC0006.glm,None,164abf59-de20-4471-b3f9-4515541b4ed8,1660169494.753454,1660169601.812755,worker-ccb94d85c-2lsqq,192.168.7.136,11,SAVED_DATA
0,gridlabd-5/PG&E/MC0006.glm,None,e99ce125-ff69-4ed0-a556-6ffdf358a10e,1660169494.8706167,1660169603.8164363,worker-ccb94d85c-qqz7d,192.168.26.42,11,SAVED_DATA
